***** q1 ******
4 4 0
0 1
0 3
1 2
2 3

***** q2 *****
4 5 0
0 1
0 2
0 3
1 2
2 3


***** q3 *****
5 6 0
0 1
0 2 
0 4
1 2
2 3
3 4

***** q4 *****
5 7 0
0 1 
0 3 
0 4
1 2
1 4 
2 3
3 4

   
***** q5 *****
5 7 0
0 1 
0 2
0 4
1 2
2 3
2 4
3 4


***** q6 *****
5 8 0
0 1 
0 2 
0 3
0 4 
1 2 
1 4 
2 3
3 4

***** q7 *****
5 8 0
0 1 
0 3 
0 4 
1 2 
1 3
1 4
2 3 
3 4

***** q8 *****
6 9 0
0 1
0 4
0 5
1 2
1 4
2 3
2 4
3 4
4 5

***** q9 *****
6 9 0
0 1
0 2
0 3
0 4
1 2
1 4
2 3
3 4
4 5






********with statistics***************
4 5 1
0 1
0 2
0 3
1 2
2 3


2 20
100
200
150











